
7128802870
4908103043
2928803754
6358100256
3318100733
8648801755
2048640122
2568602925
8900802009
7638703055
3968701084
6748800508
1368136693
4528700876
5725900366
1048183281
4318100523
3998602348
1208603023
1378149828
1118193905
6898701685
4491401481
8188801790
6738601311
6758600152
8298603173
4138801561
6078541740
4140465442
7798802738
5178601025
2358801772
2035602263
5748501661
3418700407
4948702752
3058801917
1018149187
1708603014
6418601070
5082152351
4078700901
1298664973
2208874327
4378702157
1338701862
1448120339
2248154571
1628602616
7908702873
2148709557
2158675806
5598800494
8948701496
6615900384
3390503517
6408702239
3068105479
3208600835
3288803112
8028803696
7920600116
5468103007
8318800227
6548602134
4901502511
3548102831
2658703911
5248800237
4781801959
8958703236
5988100355
4308603013
8918802455
3168802333
7148603395
5198100541
7418800832
5571801188
6238602862
8308803110
6698100472
5023698805
3781802100
1778802719
1248757402
3838602469
4198802947
8438100920
1101951282
3898200535
5678702496
8838102154
3273201676
2181663780
4568602753
8733300861
2808602379
2798801452
6868700464
7183201421
2158630871
1348300586
1418148963
7638802709
4580402409
3098800813
1872601062
5068701231
7558802595
2208882638
1498103204
7988802520
3508101499
4618802782
3678103160
1258304405
2730601593
8658102535
3388102391
5128507968
4278100728
1048158502
2158803155
2948701231
5643501349
5068303376
8838104093
1058741914
8718603010
6218701772
2178147806
1078152230
5988103518
2028700363
6401302107
6818701930
6858100358
1146000619
6608602371
8968801053
2338101025
6298602953
6708801261
8554300993
2208200269
5448802729
2848102740
4188201467
4328601914
5248700832
3268601360
3388500881
5508100988
2718603369
8568801263
2918700271
2588701370
2208809073
8508701176
4078700105
2158768302
3318701049
1098637230
1288623912
1848602130
6858702872
1098635284
3378602151
8428601445
1078779551
2148623455
2158769844
3078601995
8028501019
8528601272
7788600179
7558601442
5448603646
3398703570
7818101558
8058802468
7608100630
5278702839
1298703444
4098655803
1498103034
2208300058
1248731552
4908800195
4318100504
6268703116
7690603020
5268600812
8508100082
8198603399
3738803242
8218801030
6828102788
3258703528
4440903253
7448603284
1178181256
1118301258
2018102819
4398603489
6928600235
1068706394
5698702736
1468601731
6118701057
4775700830
8268102563
2318803443
1518104093
5618700715
7828603739
4533000782
3578602849
6728101929
1028803674
5138702053
5698601308
2148204542
2532400600
8858803051
1262715438
1038601049
5598703140
2208706031
7498602752
3738801259
6018203112
6108634204
1028138311
5558501961
1058202779
3438801321
1238208470
4938801679
1568702184
2218702251
4718703141
3418702569
2011422905
1268125525
1408199488
2208859156
1688703060
4498701466
6988103138
6178609370
1178300669
2598701484
6468801991
1358118974
6628800752
7929500390
1658602594
7358700558
3088701689
6178196322
7328602939
2301102696
1352425297
7118103275
3148118204
1088116843
4318602303
3038272414
5858101173
1638601380
1808102017
1440127209
1238199654
1588802227
7378602671
7688602748
1010903943
5868802456
1698703229
5428700994
2138800813
1388195228
6208802208
1338603446
7778600685
8108601225
7078700572
8768702750
3728603420
1058790415
7081202556
8058602222
7718603229
1198603867
5518602683
1773101230
1428104293
1238615116
3618601077
8748703582
6758100671
3379101632
4168702655
2778603519
8268603626
7801800760
2518701175
5498603675
6218614042
7268703094
3128701432
1628102829
3128645883
2068681129
2188125542
2798103693
8768601259
2898102804
1628702189
3855700507
1620403017
1458802541
2668103867
6368100389
1598602565
1228637626
6071893912
4338700730
1058806501
2048650412
7518502364
5048303496
7528102146
5128702031
7988703406
3328700460
1508603719
6538600792
5938600388
8728102926
7218100353
8028702313
4018602296
3378803095
8344000919
2468700999
5498103495
7928600928
3468801543
4178700252
7308501145
2028701488
3158702973
6268701404
1411302309
1038600394
7848802424
3648703033
3338502244
6180478608
1418201607
2298141654
1208822043
7571101848
2208866453
4668603540
7828502733
8448803273
6538102169
6228603005
2968500568
8308703544
1018628116
2899301531
8368602172
2148871058
1138630857
6673801197
4828702822
2208854210
1148720403
8758603521
4948100558
7978701424
8768100110
2590701027
3998803128
3678802364
7198602881
3127900423
2238114426
6618502926
1208753160
1081457328
6848102620
8478100693
7278103173
2042938152
2588802658
1358645118
1248751179
6458101290
2618122044
3478601450
8288102249
5028025057
6218619066
1438128018
4383301221
2368101096
1058756305
5348501979
2278124703
8708102236
2248801258
8838803467
6251001637
6818601739
2908700036
7898503053
7298603058
1329210149
8818602148
5878603449
1138674030
6888702245
7398802763
7519000792
1348643005
8388103828
2750303408
4878800831
8578802611
6800202623
8969500222
4641501847
2330103415
1248128792
6091351382
6098627907
8168103003
2278601307
8688702220
1087900028
7858602933
1978701774
2218601712
4848601405
6678700560
2798602059
1688103108
7981902242
1358631235
7178103313
1208625221
3258101566
6908703344
4551102960
1678701943
1048166579
1098612559
6648102081
8548800837
6398102144
3988200505
6168702293
1483101208
2018803608
5318803528
1388181345
6288101295
1258165451
1108617118
5388103520
8848102249
2618125319
7828802578
5042741719
8148703256
7268803164
6278602433
8213100755
6448602520
5618103379
2428103255
6288702302
2668800272
5078602236
2518802017
1658602653
1948803090
7588802255
3788800880
7548600998
6168701708
7708801687
1198639666
2208101223
8418102941
1398701176
2468802863
7378801507
4588502145
5738701736
1138694166
6214900766
3694500346
1048194191
1138690097
2618603023
2898800580
1558802761
7868701837
3138600778
2788702238
7538701685
2918802960
2648140041
4318803140
1068686557
4278802351
8828602480
5356100341
6158800455
7228700061
7306000482
8878701839
5298803210
6098800052
3828703176
2578101545
1380883919
7908501128
5358102842
3023600754
8968801674
2878701121
5728602259
7528100283
1094392992
1283925691
8858102280
3064605629
6103063639
7138601467
6118802198
2068526551
4978602910
5618802078
3668603560
8211900831
6620902487
1018268895
4628602501
1388605357
1068703500
8848800901
4608100410
3088516607
2648101728
6048144906
5034395323
5378400031
1408702909
4088305255
1448135400
7099101860
2398703173
2188174403
4378702574
1048801046
4148803354
1298194230
1178174681
8718103301
7558801674
4268802187
7358101889
7048802660
6688100538
2042778112
1029608811
3148206063
3748601582
1838102767
1808101997
6988800858
3418101480
1708100142
2648107135
5338701529
5328601970
2208863378
1088701624
1658603007
6758602918
8348801943
4548701264
2211908974
1358655163
1738102474
2618124343
6158801959
8528700950
1549800599
4388101668
7208800965
5800503420
3164100077
4408802179
1908603172
8198101907
2768101508
3348802307
3518502301
6308603398
6738101354
3728101446
3638101914
1138649069
5118127788
1018208577
3818102508
6318703011
3608103631
1458803268
2588703553
5521800807
5038620469
1018260781
8128803941
1108619251
1018008608
7938103035
6558800720
4208602619
1908102713
1548602099
3408101769
1148202958
3018626038
4508802574
3058803346
5218800989
5498603393
2928801213
1818501440
2080773407
5198600793
8728101908
7698800295
1358124248
5052921476
2071164810
1178803152
7300600684
1138678851
4648100805
3681100222
5088602447
6628703408
8848200404
1128703349
2708602708
1165100665
8348702173
3761002957
2268603132
1058756362
5638800718
5275101151
4140523847
7908800305
8698102371
7148101994
6458102848
2778603464
1328702586
6928100773
2148725687
3594800786
6788602751
5788602204
7288200273
6968700909
5768701526
5178702512
7698603094
8088601988
4888101227
2333800582
4288701514
3118602881
1138692644
8483101443
7468102592
3648701374
7268700137
4188602334
2338112600
4608703044
6920402426
2558702536
1138208022
2049347841
2588101500
4208602303
3888601368
7128603064
6618601360
1228616897
1168132499
5258102428
3158138367
2208139127
7388802741
3200802102
3278701114
7778602683
6158802531
1398147049
4276300272
4478603331
3178105159
8221501290
2808603136
6058634366
6848802575
6638700990
4168604544
2178119431
7588600059
1668802553
1948101749
8638101831
6738101922
2438703100
4808802804
5638801774
5494601399
8888703354
7998601796
8348101828
2818702078
4658800127
4212200965
2208783891
2041578633
2038165824
5758701601
1168179325
8788802132
1788702694
4224200194
4768100434
2858103039
2938802082
5828102149
6078702815
7965000805
2228701110
5538102501
7758502230
2118773220
2018162364
4538602429
8338502098
1900702580
4408601332
2618129620
6298600391
2998702633
8318601300
1278633853
6818801086
7998101490
6148601909
8588601509
3200103117
7928102218
2358801525
5573500492
8538103225
5168802966
3788602282
7488703226
5529301633
2038703572
5698103956
6218618844
6690801895
5578603040
2512900991
5358103157
5628103412
2148680418
6298603025
6698602553
4708702192
7870602470
1998103534
2698102891
1378303428
4268102719
5578702539
5478101429
8898703361
3588802676
3938103801
3518600936
1288294156
6548501308
1058804987
3788700904
7018802851
7569400102
4388603389
3858701804
1731002789
2208115616
1700203090
5698803386
8592100178
7338603358
5763100312
6178630311
1068651757
3818702077
2358801879
5131902831
1208769298
6988703090
2238800144
8158603252
1728102597
3168703276
6998701246
3048802887
3638102500
1778100992
7818100340
2590800665
1198662075
7428802283
2048802442
1740703122
8268603359
4368603215
1448701498
5178600666
1212467264
6872301106
1120626339
4828802533
3848101944
4102865596
4348603863
3852001285
2098159470
8342500750
6128602810
7688602108
8863201758
2208843130
2140939806
1288801794
4978600552
2208640895
4908702240
2258802677
6628501615
2088300723
5848803857
8241302097
7297100358
5928102883
3649100028
4022439838
3151861068
5920203795
1238802901
2453600581
2158702431
5778400024
1078608928
3318101668
4818703298
1208730212
2068601687
3738102768
2118856742
2358800389
5148137077
8588602487
2988703186
1298681666
1478601466
6539102232
2718803418
1788100388
5908703613
5820200355
6018136713
2958200550
7700600907
3708801395
7813700949
6178303093
2628801226
7118700381
8778801673
5897500516
3568702862
5038802558
1352871009
8518103461
3728803614
1208734479
5620201990
2118866992
4041137118
7410202762
6612301370
5138803006
2338801626
1448603413
3328703278
6771401145
7014500593
7633601512
1128600307
4948604001
8468102761
7768702839
6588502987
7298802295
4118601523
5618102690
1343302478
3948502671
4028605656
4548101296
3378103311
4621000134
5053868361
5838701261
4808803308
7888703184
4688700736
6698802159
2118608983
5178602932
1278606171
7838103853
5992700720
1308167790
1110102251
1798102133
1198704086
8538701836
6978802979
1348728049
7495500560
1208175973
4078282169
3778601897
1258205765
1568300010
4278103889
1304699762
8488702022
7040802858
6850801785
4178803106
3618101499
8328703569
1068677081
8268101040
7392001051
2208685908
1018662166
3170332662
7708102483
7778702259
8148602871
6568101873
8148703348
2140519194
7961500594
4958701192
2828800537
7628802818
2628801866
7725000191
6498802780
7068701506
3328602836
6201139789
5318600449
7631000100
2018185896
8868803296
6833201009
6300601006
2318700420
1061181665
5028609350
2118802528
1018617021
4308602090
3858603367
3998602014
8111802155
3198103045
4739400487
3302500355
7808702819
1198625177
1198659769
2968803533
2878601653
1288605796
4298703441
2208103333
1068210554
7134200993
4468601816
6278601185
1078759249
4438601535
1308709981
3643201637
2098154456
4648601226
8648200322
1128153793
3481102736
1118193787
2418603067
2108800959
3158200951
4928102282
3598602262
5438600802
6308101740
7528801660
3348703371
2758601005
1148689161
7938803015
3878101230
4121600709
6028802234
7738103031
5648703370
7588701074
5524400145
2208831556
1428162707
1308685454
3298103552
2424700365
7678602560
2118628581
1478602859
5638702738
4407200544
7028800856
3258200322
3058703067
2018601983
3300102885
1078682234
7252600400
4728702053
2971202401
8458603059
2208673682
4258603608
2748702901
8328802039
8161301966
2018204788
1018146216
7978102625
8678702154
7051200127
1475600378
5418702494