2208115770
8508701176
2208155597
2068190716
1138144055
1138656537
8900802009
5678603090
4078700105
4118601799
1208603023
8368700147
2728102126
1208165742
8098702070
4978500706
2158768302
4198800046
2748800540
1168119477
3508703086
3318701049
8648801755
1098637230
2018155688
6488600577
6608701947
4908103043
1198204437
8058800382
1288623912
1848602130
6858702872
2158731163
1098635284
3378602151
6728102990
3018634412
8980901942
1283988769
1410159250
4798600423
5082152351
8428601445
1078779551
2148623455
5298802230
5284900787
7248702110
5024715187
1208173320
2158769844
2848801847
1208689512
6261202647
1628101437
6898701685
2262263050
1368136693
5725900366
3078601995
8028501019
8528601272
2158777892
3430101238
7788600179
4888800381
7558601442
5448603646
2158638776
1048623750
3398703570
5278800686
1048148192
8184800024
7818101558
8058802468
2248701004
7608100630
5278702839
1208177097
1098178726
1448125936
3457300377
7920600116
2588701370
2158787482
1298703444
4098655803
4022796922
7010403184
1498103034
1168143939
7143800664
6158179900
1352819959
2148805280
1034401559
1721400879
2208300058
4780500232
1248731552
2170967510
6398601058
4908800195
4318100504
5058702372
8958803062
6268703116
6748800508
7690603020
5268600812
2178114493
5808801497
2158797530
8508100082
1018163383
8198603399
5848101409
2118640964
2340111067
5806800165
2488800541
3544601146
1048403366
3738803242
3998602348
1342881315
5048134919
1322546548
3454900687
6368800753
1208761559
8218801030
2118818938
1648803371
6938802128
1288692438
1448801855
4219801765
1208197322
2208101733
7619501677
6828102788
6615900384
3128608063
3258703528
4440903253
1288669257
7448603284
3288803112
4658101281
8658800031
5458800928
1148102382
7108100367
1178181256
1118301258
1168119948
6418601158
1068670680
2018102819
1248100173
1208822325
7738701734
1348108473
5048132871
5818501994
5408600384
4398603489
1148628830
2208536623
8838801095
8218800614
3078105244
3781802100
6928600235
1068706394
5698702736
2861201284
1358180712
5248800237
6182370698
6078121765
1468601731
3568801176
6758600152
6118701057
1248686370
1018692452
2148742196
4775700830
2108160114
2148645634
6268701082
2018624045
1138600917
5048164674
2058512369
4771701866
4215700104
6418601177
6198803231
1911100618
6218101561
2118410660
8268102563
5178803139
2208835154
1798603044
2318803443
6038126282
4878603362
1878801148
3758100863
1438601988
1198649349
1518104093
1208633565
2128605451
1328162165
5618700715
3508102668
7828603739
5268700842
7528702814
2518802846
4948702752
5053800037
4533000782
6903100281
3578602849
3128124355
5058528117
3811402205
3164900976
6728101929
8328700811
6228601351
1028803674
7033901020
3118154588
5138702053
3280101748
5698601308
4947300344
3243000811
2068192427
4171103778
7183201421
6891202686
2148204542
5218602644
4718700751
7558701997
2532400600
6168603640
3138132635
1108133092
5261502203
1048405836
8160401042
2148880576
8858803051
1262715438
1038601049
5598703140
5808703028
1420500347
1298688941
2208706031
7498602752
3738801259
2208839524
4768600953
2148188356
5298700026
1348132110
1048185673
6018203112
6108634204
1058692186
7638703055
1068119636
1028138311
4768801878
7438102778
5558501961
6072094743
2148191583
1058202779
8925500485
2918700271
3738600300
3438801321
2698101780
1238208470
8554300993
1468803112
1078186458
4938801679
2207200294
1568702184
2218702251
2208172145
4718703141
2178151052
4688102178
1389106141
3418702569
2011422905
1408600277
1348193591
2018624458
1268125525
1141981833
1245242284
1408199488
7358801078
2208859156
6388600129
3158701085
1688703060
2200309251
4498701466
6988103138
6588801811
7158601143
7450802903
2158795245
1299249935
6178609370
1178300669
2598701484
6468801991
6768700055
1358118974
6628800752
3318500575
5718801208
2569202474
2048622371
6268800659
4148700855
2048167112
7929500390
1658602594
4408702793
7358700558
3088701689
2698700615
2288602371
6178196322
2788800237
6178199974
2598602939
1308648124
2751800458
1868502954
4018210731
3568802568
7328602939
1298114880
2301102696
5738701100
1352425297
2148201190
7918800098
7118103275
1388202667
6408802105
6068619446
2018609137
1209070515
1308543189
5023698805
3148118204
1068638550
1088116843
1138671071
2068200400
4318602303
1018669359
5048153288
2179145466
2068610245
3038272414
8258701734
5858101173
1198647604
2148165071
3528102494
1638601380
4278100335
2118648011
1048201331
1278703389
1808102017
6148503384
6158602143
8048102355
2248800133
1440127209
2278507925
1078205239
1238199654
1588802227
7378602671
5278601115
1218129114
2148651854
2035602263
1048608201
7688602748
8138800990
1178162550
1010903943
5868802456
1698703229
2208863285
8378702264
2038164219
5428700994
8198601256
2138800813
2598700262
4528502808
8718800278
1388195228
1208188861
6208802208
2178525057
1108401679
1338603446
7778600685
8108601225
7078700572
1078609325
1018620303
6998601458
1048152681
2118889831
1278645776
8768702750
1048125414
5010594082
7548600213
3728603420
1058790415
4628703225
7081202556
8058602222
2098166461
7718603229
2038202904
8468601452
4868803214
1018678843
2718800518
1198603867
1048159699
1448120339
3248701658
6078602860
5518602683
1773101230
1052148401
1428104293
6998500317
2258110770
1238615116
7028701483
7228502352
2148607571
7848701184
3618601077
2068709352
8748703582
3848101172
6758100671
2068128226
2798801452
3379101632
2208122534
2228208743
1148204432
7121300985
4168702655
6058138862
1138667015
2778603519
7988802520
1208163837
1118193905
1068197229
8268603626
1148679659
3058634656
2138205096
1110197627
7801800760
1148172568
2018626612
2518701175
1058752478
2128521250
2338104610
5498603675
1148152674
6218614042
7268703094
3898200535
3128701432
1628102829
5048134281
1019817077
6688801050
1298129383
1148527800
5618700957
4338802394
3128645883
2198200046
1108162715
2120237399
5818801277
2208840676
2068681129
5848802955
5048601811
2618111120
2088110886
1828801269
1438132491
2170233326
1308673924
2188125542
4745000109
2798103693
8768601259
1081978196
5738801179
2898102804
3338703441
1628702189
1068642262
4098634531
2098159688
1018154642
8398801064
6011134070
3855700507
1248710159
1620403017
1458802541
2148200319
1218618441
2668103867
7838601715
6368100389
1598602565
1228637626
6071893912
6688100367
1068651188
6648702365
5068202384
8208702999
4338700730
2158523655
8528700417
1318622224
5041746544
7528603382
1018162201
1048620016
2068689586
1078170183
4035500169
8038603564
7298800583
5548102601
1058806501
2048650412
1748701510
7518502364
5638803452
5048303496
7718600557
2118212117
7838701217
8478502082
4218101414
7528102146
5128702031
7988703406
2118806131
3234101088
1198208729
3328700460
1508603719
6538600792
1298531043
5938600388
7218700073
3018508241
2358801772
6211938381
8728102926
7218100353
8028702313
1308704142
1058687441
4018602296
1018149187
7268701816
2148897058
1308611200
8528702297
1068525043
3378803095
1588602562
2018623459
6458100461
8344000919
2468700999
5498103495
1209002827
1068159905
6208702098
8648701592
2118834578
8188801790
7928600928
2118711506
1288300937
4802101592
3758802292
1048407514
4188517107
1058796501
3468801543
1468801448
1138203615
2208500805
4178700252
7308501145
1148702424
2028701488
6238700478
1088155467
1068685373
1389056488
2338101025
3158702973
1208198980
6268701404
1138159937
1288704358
4098196570
3656200190
1411302309
1038600394
1288606500
2118658580
7848802424
1068800854
2118887468
2148105054
3648703033
3338502244
1148601317
6858501976
1388510509
7938100149
7418801923
1198134860
1028600300
1298206989
6180478608
2118704515
3128509139
1418201607
1078152230
1058675080
2148202791
6168101496
1098631667
2298141654
2018179211
2128600475
4668601668
2048147440
1208822043
6228127356
7571101848
2208866453
4668603540
7828502733
2118542704
8448803273
1428163647
6098142811
6538102169
6228603005
5322801169
5058513365
2968500568
8308703544
5048193164
3548603344
2148164219
1018628116
2899301531
8938800792
1278801812
8688500965
6138181924
6608600918
2538600933
7438800954
1358201688
8368602172
2148871058
1358206776
1138630857
6673801197
2208111264
4828702822
7778601189
2208854210
1178149125
1148203170
1998102516
1178201074
1148720403
8758603521
4948100558
8378200131
7978701424
2118745821
8768100110
2258129930
2121740578
1188123147
2590701027
3998803128
8728600281
2208870812
2158757315
7888101239
1398201109
3698702378
7678702209
3678802364
7358101856
1719501952
1018206773
2478602178
2208196507
2198130806
2208201685
5808603429
1028139173
1148665214
2098204216
7828601726
7198602881
6498102699
2218138586
6358100256
2198201220
2118119302
1108140725
1058206116
2068158545
3127900423
7948500155
2598702300
1368134676
2238114426
6408602019
1108214748
1178512515
1208113002
1359137534
1298701276
1108170103
6618502926
1198519853
1208753160
1081457328
7236500612
6848102620
8478100693
1088007880
1068121127
1326100254
7278103173
2042938152
2588802658
3018700296
4248103196
1468103205
1358645118
1248751179
5148192269
6458101290
2098158898
3879400774
2118832702
2618122044
2148539284
7078801016
2158715372
8538101718
3478601450
8288102249
5028025057
1128124639
6218619066
2138633926
2018626738
6168520910
1438128018
2528602447
4383301221
2368101096
1058756305
1328152217
1298685852
5348501979
8088600446
3741100299
2278124703
8708102236
2128300251
8919301732
2118829473
1108153934
8138501381
1108187884
2248801258
2048618936
4188124013
6308701849
3668200250
8618101475
4218702263
4178800531
2098202445
8838803467
4748102402
6168129591
1068712450
2128105946
8258800182
6298801773
8908800546
2018624249
2208201588
6251001637
5468800052
6818601739
2118757332
2908700036
7898503053
5100762690
1198165121
2618117293
2158799580
7298603058
4580402409
1208749521
7698101029
1329210149
4618102954
5278701747
7578102874
8818602148
1968100028
2208128839
1058715982
5878603449
7938801415
1018647923
1138674030
2118886417
6888702245
5075400668
3148639387
7398802763
7519000792
4888101834
1088165607
1348643005
3028601836
8468102378
1058813322
8388103828
1288133017
1068610377
1088302004
2750303408
4878800831
7228103561
8578802611
1048184072
7640602730
6800202623
8969500222
2148735792
8902300101
1018683287
4641501847
2330103415
1288555800
3908700753
1248128792
2278508676
6091351382
6042407005
6218157181
8048802276
2018608666
1058639463
6098627907
1278659324
4138502725
3108703114
1208202744
8168103003
2278601307
6158603536
8098100876
2068658900
6038600986
1321562103
1288617235
5698701566
2118813587
3258502054
2018631395
5668100381
4688102052
1318651942
5198501801
1038801795
6188100741
2018800727
3178803029
5028182434
1298632146
8688702220
1318557973
7803500447
1198208772
1620103108
1188110583
1087900028
6978700988
3208602487
7858602933
1068708276
1978701774
2111017018
2218601712
4848601405
8248702860
3038113742
2118102228
6678700560
5949501631
4098537619
1198646658
3718701523
2798602059
4408702319
1268626795
2148630830
1688103108
2158407997
7981902242
1358631235
2208201671
7178103313
2178111574
5218100995
1208625221
3258101566
6908703344
2208878207
1278631097
4551102960
1678701943
1048166579
1098612559
5898601340
6648102081
8548800837
2178300732
6298602953
2018623309
6398102144
3988200505
6168702293
2208686038
1483101208
8368702000
2018803608
1058654159
5318803528
2712700346
5918502670
1388181345
8018800982
1288615066
3058618850
6288101295
1258165451
1108617118
5488101437
8148100505
2148626812
4618502855
5388103520
4218700926
8848102249
6078604591
8478800218
2988700665
1448702352
6178604211
2618125319
7828802578
2388500636
5042741719
8148703256
7268803164
7058600623
6278602433
8213100755
2498501805
2148800795
6448602520
1138660934
8123100144
1378651159
1288614446
1068685316
2148679342
8698600403
5618103379
8728601261
2428103255
6288702302
2068183476
6548602191
1222045023
1648602271
2668800272
7398800561
2098159204
1208139036
2208830687
5078602236
2518802017
7528801786
1658602653
1948803090
7588802255
6058630695
2018179735
1908701166
7798701692
1598701262
1418144007
2648151951
8888602891
1448117057
3788800880
4520501151
2208202549
3268601375
2118717441
3938200330
2018168693
5348101097
6528700078
7548600998
6664800909
8668101825
6168701708
1178120905
6051674249
1208740234
7708801687
1198639666
1358210611
1271633471
5318601924
1098197801
2158740018
6528702436
2618602679
3338700124
2208101223
2208112206
1218164144
1048124680
6258801882
8418102941
1398701176
8638102688
3038602390
1108187040
2468802863
2048602507
4920902438
2068640924
5238502041
2298139013
4039899728
6488600179
3048506693
1048658491
1058619360
1378207000
8028600981
2068630770
2078802039
7378801507
4178513146
5799100237
4118600693
4588502145
1288686498
5738701736
1138694166
7718200675
2118141143
3808502764
1278300031
4398501558
6214900766
3694500346
1048194191
1138690097
4418700221
6128514847
1028141117
8569801414
2618603023
1180212228
2148638356
2898800580
1148197860
1558802761
1678702205
7868701837
3138600778
1078832801
2042695190
2148888452
2788702238
6080366452
7538701685
5882701340
4678100314
4818803349
1258301960
3038179405
5028110624
3718801758
2838701283
1708100157
2132800444
2118815343
6548602134
6035300810
1058166548
1058614706
2208834039
2098155853
2048627696
2918802960
2018124623
2648140041
4318803140
1068686557
4278802351
1178151015
7118802969
2068672765
2048628550
8828602480
1258206560
5356100341
3768502203
1058797247
6102165256
2098164070
1198300549
2208875699
2148709557
8788701515
1348704687
1428151442
4958703813
7255400290
6158800455
1078708207
1538501824
4228701909
7228700061
7306000482
8878701839
5298803210
2068654578
6098800052
3828703176
2578101545
1378632720
1380883919
7908501128
5358102842
6059046345
3023600754
8968801674
6789500702
2878701121
5728602259
1018701318
2918802499
4364400561
2118760782
2149086331
6638600955
2708101999
7528100283
7808602734
1148604783
2208205662
2268128273
1228625760
4478103689
3368102134
1094392992
1148802057
1028123012
2648131241
2038232408
2178200453
1283925691
1308670591
8858102280
6103063639
5148140382
3064605629
7138601467
1619401716
5038802903
6118802198
2068526551
1208203312
2108801318
1098193988
4978602910
5618802078
1328504300
5782900090
1368135826
3668603560
8211900831
5076800160
2063085531
1898601441
6620902487
1018268895
6038192384
5351602091
1018125905
1078829403
3148148576
2118661033
1168803294
4628602501
5598802094
1388605357
7138101763
1068703500
8848800901
4608100410
3088516607
8873501204
6498701222
3028303681
5878803609
2648101728
1618101716
6048144906
6038111270
6318102422
1058656986
2948603552
5034395323
5378400031
1148201866
1408702909
4088305255
2118798181
1448135400
7099101860
2398703173
2238703125
6018119747
2188174403
4378702574
1938502457
1048801046
4148803354
2148796784
6158602347
1058787375
1268207301
6028208901
2188200500
6168204506
1298194230
1178174681
5778602725
1400896998
3388500881
1101174144
3638602183
8718103301
7558801674
4268802187
4268702706
7358101889
6028602486
7048802660
6538602204
6688100538
2098702270
1148663292
1878601090
1018657815
2042778112
1029608811
3148206063
2200167539
2068204181
2208260699
4028801993
3748601582
6098207688
7268802637
1838102767
1808101997
6988800858
7618103023
3848803602
1588801946
3418101480
1708100142
2208777405
7278701236
7298601496
1198679294
2648107135
5338701529
5328601970
1148604968
2208863378
2208261136
1068674236
1088701624
1658603007
6758602918
8778103691
1208262344
8348801943
2248134217
4548701264
6985500087
1028100358
2211908974
2208540258
1248707969
5018128970
1248210697
1201205433
2118871006
1358655163
2111019092
1738102474
2618124343
1198208791
6158801959
1198620022
3768100721
5498602244
1198198281
8528700950
4018801331
1549800599
4388101668
8818602599
8222201089
7618601113
2828701183
2888602320
7208800965
7228800812
7898200453
1078215528
1058724292
5728102287
1018191327
5800503420
6718800760
1298655775
2030286799
3164100077
1070555742
4408802179
1218207683
4708603985
1908603172
1048653235
1108210761
7958803291
1168131734
2818800382
6178604939
4528600054
8898803126
4158603315
8198101907
2768101508
1068195139
1228645446
3348802307
2018624176
3938100783
3518502301
1268627019
2158789821
1078168940
7208200342
2018610124
2161636012
6308603398
6738101354
2068655766
1092052439
1298136924
3728101446
1778701969
5158157101
2018145496
3050181472
5578701506
3638101914
1108200282
2328800982
3508801464
6378800509
1138649069
7348602634
5118127788
1848802527
6211419036
4228602032
1018208577
1018631362
3818102508
6318703011
3608103631
8828102092
7428700124
1458803268
5248602323
6278602302
1348680505
8658800351
1218189714
2208636881
1208300097
1398137459
4578602396
2588703553
2048622070
2011307227
7118602228
8688100410
4758602958
2279850306
1298691922
3148137759
8348102394
2268109811
1149211188
3142830620
5048209945
5521800807
5348100934
1208773486
1208102922
1148261807
2118774025
5038620469
8448600156
1018260781
6108802012
8128803941
5828102907
1108619251
1018008608
2218301195
3058169465
7938103035
6558800720
7318501172
7778803838
7938601139
4208602619
1908102713
7438700388
1548602099
3408101769
8463400599
3678800819
7538502389
1738800572
2618101530
2078137903
1328630090
5788501116
1148202958
3018626038
7374600207
7088702059
3498602042
4508802574
5198601619
5998502941
1168150968
3498800301
1318661760
6409801482
3058803346
5218800989
5498603393
1658801925
2928801213
2068124292
2068689631
1108207475
1818501440
2080773407
1328164334
5198600793
8728101908
1298605197
1388175028
1168159673
5258501295
7698800295
1278207565
2108150993
1358124248
5052921476
8968502594
2678602264
6798102671
2071164810
3148206097
1178803152
8928503010
7368801144
7300600684
1078624985
1138678851
4648100805
1274653886
3078142763
3681100222
1658601372
1048624123
3428800839
5088602447
6628703408
7608101866
2158738074
1168214479
4181902308
1274388138
1518100025
8848200404
6088199382
1128703349
2708602708
1293735956
1165100665
2118859899
8348702173
2098144147
3761002957
5898600429
1088601777
1218213225
4778700759
2268603132
1058756362
4958800604
7358801141
5588701867
1048127386
5288701094
2208200575
1088232137
5638800718
5228601478
5938802041
3758702107
7038600516
5275101151
2148690861
1248301744
2122179411
4140523847
7908800305
2208802497
4428101880
8698102371
7148101994
6458102848
1088205789
2778603464
1328702586
6928100773
3618601005
2148725687
1348692772
6178160877
2528701412
8908801021
6748800100
3594800786
5288701416
6788602751
4138802594
5788602204
1128147103
7288200273
3128209521
6968700909
1888702522
5768701526
6168609829
5068192759
5268503068
2068118465
5178702512
7698603094
8088601988
1278548285
4148302613
1068231184
5878100466
4888101227
8908701252
2333800582
4288701514
3118602881
6738601311
1428526937
1138692644
2118408223
8483101443
1078833998
1238214098
7468102592
3648701374
5818700475
7268700137
6188700442
7768802613
1298638970
4188602334
1018605016
6788600656
2338112600
4608703044
1078842013
6920402426
2558702536
1138208022
2049347841
2118543815
6208300073
1198644136
2578602248
5548602396
6058178791
2588101500
1828600679
1248747694
4208602303
2063156047
2488601755
3888601368
7128603064
2158174078
1098153365
6618601360
1108146729
1228616897
2208201690
1168132499
1313250300
1244258512
2098163431
3360201620
3838701545
6208158474
2208809073
5258102428
3158138367
1098625393
2208139127
7388802741
3200802102
1248600538
1298693065
1398123824
3278701114
7778602683
6158802531
1398147049
4048506163
4108108964
1018195212
4276300272
4478603331
4598600996
3178105159
4078601354
8221501290
2808603136
6058634366
6848802575
1248144939
1190383631
7298102054
1108183947
6638700990
4168604544
1208549643
8548602511
2178119431
7588600059
1868802260
2941701470
6078541740
8258802370
1668802553
1948101749
3128607443
1168196998
8638101831
6738101922
5099306070
1668100594
2438703100
4808802804
1318215711
5638801774
4318602657
5494601399
1058101773
8888703354
8898803238
7998601796
8638702792
3668600898
3568101648
8348101828
2208545350
2818702078
4658800127
3168118423
7298800735
1208666237
4212200965
4658103071
2208783891
7538100457
1018219069
2041578633
5158126442
2718603369
1168200335
2038165824
1228635588
5758701601
1168179325
4088168125
7128700458
6178101562
1388205951
8788802132
1638101105
2148205288
2118211966
4628602699
1619400226
5418701461
5888700966
2018178599
1178185247
5538601002
5978801781
1788702694
4224200194
5808801143
4768100434
2858103039
8918501800
6878702543
3248600308
1068674973
7168702841
2261188899
2208206244
2938802082
1372232126
5828102149
3148100704
6078702815
6988702484
4299901505
7965000805
2228701110
7758502230
2378102050
5538102501
2068184567
2118773220
3048203749
6928102223
1198637902
2018162364
4538602429
1148166275
1108107390
8338502098
1900702580
8784400066
3058300024
6468101463
2154800185
4408601332
2618129620
1208200182
2148872310
5148300161
5041811815
1018693242
6298600391
2068664265
2998702633
1198634453
2078603126
8318601300
1048204056
1278633853
8178800269
1148207991
2218134988
2158799557
5828801149
1208800675
1208682066
1198642991
1108180372
6818801086
1328636264
7998101490
2178144599
4108665387
2858701580
6868701764
1078640966
6148601909
8044600297
3348502738
8588601509
3200103117
5658702239
1318664660
2018602089
2118843892
1658503091
7928102218
2659201877
1098604781
1818703364
2358801525
6908700672
1038603300
5041345232
5573500492
1128543070
2118216087
7207700047
4408703114
8538103225
1148143141
5168802966
2158651099
1566900348
1048203606
3788602282
7488703226
1198623709
2068120321
5529301633
1148723147
4948603109
2038703572
5698103956
4828103440
6218618844
6690801895
8278603463
2108522030
6598801624
5578603040
4328103523
3758501628
8798801422
6052563220
8478701336
7188103427
2512900991
5358103157
1378625137
1108126437
1288652227
2148837410
3668603648
2178510103
5628103412
6108212482
2081060085
1388205908
1058783267
5090462699
2168701323
1249476877
7798501868
4890601785
7538502093
1301395152
1388174752
7128101154
3548101579
2148680418
6298603025
1198611033
1208209301
4928101677
6368100128
1358202687
5021872631
1128115085
6489000652
3768602651
4978101482
1068205880
1577300450
1018152101
6698602553
4708702192
7870602470
2178301406
1998103534
2698102891
2758601951
1388301632
1538102941
1378303428
1058617227
4218600991
4268102719
5578702539
1168600992
2148680043
8058801630
6428600884
5478101429
5038609009
8898703361
3588802676
7428200658
1428159371
3418801612
3938103801
3518600936
1248179802
1288294156
6548501308
1058804987
3908600173
1028300920
7308102694
8498602936
1018642059
3788700904
7018802851
7569400102
2328700423
8478502762
1808701970
4388603389
3858701804
5788802440
8879101587
6108615319
1731002789
2208115616
2200965110
1700203090
1148691105
1218206253
5698803386
8592100178
1068659875
4058112035
1148676031
2908700977
1298628206
7338603358
1178158115
6622700450
5558701650
1348205361
5763100312
6178630311
1288648868
1068651757
3818702077
7368100826
3058619446
2118862109
1248211056
2358801879
1668601190
6501402116
2208884844
1058804560
7278801252
3708700856
5131902831
5150966263
1090386932
1208769298
6988703090
2828500201
2218500337
2238800144
3668102421
7498700111
5318700830
1238189118
1348800126
8158603252
4024103813
1248714913
6229914633
6908802319
1528600358
6708100225
3058605525
7018700540
5788601258
6038803269
1728102597
6058194092
4331201328
6168300017
3168703276
6998701246
2048654683
3048802887
2148820068
1918101212
1068659574
3698800741
4468802013
3638102500
1778100992
7818100340
2590800665
7655000494
1198662075
2098206999
8158600600
5198502208
7718600071
7558700270
1208534612
7428802283
2148204799
8378500452
2048802442
1740703122
1448100556
6838602656
2198121869
5038185147
2078151415
8268603359
4368603215
1448701498
5178600666
1212467264
6872301106
1120626339
4828802533
3878802295
3848101944
2118659430
4102865596
2951300200
1138205350
4140420810
3558802018
4348603863
3852001285
2178122576
4508803705
3438800114
6048800630
1350924640
1488701637
2098159470
1188119570
1128141598
4053300504
2118614165
2208768060
5808801880
2208795776
8342500750
1108174657
1208185957
6128602810
6631100938
5708801262
5148165627
7688602108
8863201758
1848700371
2208843130
2028230649
2140939806
3608102326
1288701934
4938802213
1288801794
1132206170
4978600552
2568800620
6172870410
2208640895
1342082846
2048652254
7818701341
8188600991
4908702240
3627100500
2258802677
1358601672
1018675962
2108179781
8508700987
2208812409
1314901068
1288693363
5398800957
1018180228
1198205324
8608801068
2088300723
2110794408
6628501615
6123601548
2048650182
5848803857
6330100388
1428169471
1048147984
8241302097
2068704226
1078694216
3508700129
7297100358
5118109664
2118671545
4158600211
5928102883
3649100028
4022439838
3151861068
5920203795
4091934903
6159081015
1238802901
2453600581
4838101386
4538101653
2918603344
7341000188
2118188361
2158702431
5778400024
6788501134
2648701453
8748502798
1048516591
1078608928
3318101668
4818703298
8938200072
4288101768
6102572833
1168162784
1208730212
8508601558
2088603551
1298105834
3619201535
2438100789
1258124125
7768501011
2068601687
4658702211
6898700032
3851600479
8418100550
3578702040
3592401718
1448803358
3738102768
2118856742
2358800389
5148137077
8588602487
8808800307
5578702577
5082263909
2048614435
6768601343
4248103411
2988703186
8998702694
1298681666
1478601466
1148261087
2189403626
1208820142
2098162107
8228100578
1228648064
3048701858
2148200487
5578102556
2524900672
3598702589
1248120238
8098100935
1068708524
1129025829
6539102232
1078639474
2718803418
1788100388
2711702307
7848601455
5908703613
1308620960
5820200355
1089177757
2208200411
2208201797
2958200550
7928602853
6018136713
8885200578
7700600907
2268152851
3708801395
7813700949
1872601062
1088170245
5158155331
6178303093
6048800718
2628801226
1438124986
1398134447
6232301868
2138195999
7118700381
4328601971
8778801673
5897500516
3568702862
2968100411
5038802558
4888800663
4738601458
8638101938
3868103064
1352871009
2018616720
2048801012
1218636395
5388500045
7118103431
8518103461
7728800587
1288672524
2864000560
2068114023
3728803614
1208734479
1188122342
1258700713
1208101812
2298128141
6658601867
5081198023
5620201990
6078145068
1898800276
1298650241
1292629502
2118866992
6048104641
1788702068
4041137118
1261380024
2148811249
7410202762
1098622246
1228185517
6612301370
1138111573
1088182232
1191156371
7398601004
1068214623
5138803006
2338801626
3618802158
6218196559
3042162107
1448603413
1148600579
3328703278
1538700057
5352700672
6771401145
2658602031
2748100333
7014500593
7610901242
4068165646
1238182847
5338801749
7633601512
1508802145
1288619534
4258701422
1058684589
1128600307
1298644579
1428166402
4948604001
1428200862
8468102761
3748700519
7768702839
6168137465
2018626932
6588502987
6848502706
7298802295
3018626815
1288122320
4908802626
6228118672
1288673329
4118601523
7108100106
5518101715
6668702551
6771501370
5618102690
1343302478
1298211712
3948502671
4028605656
2298111811
4548101296
3378103311
2278703374
3708102930
2068207233
2268152531
2011547524
4621000134
4298801381
1148169078
5418700841
5053868361
1208639948
1148527815
1808101736
5748801930
5838701261
4808803308
7888703184
6138271118
4688700736
6698802159
4268700450
2118608983
5178602932
1278606171
7838103853
2158766852
5992700720
3958601482
1308167790
5558702310
6478603076
1208157465
1110102251
2018637818
1798102133
1298647033
1048212051
2178125200
1198704086
1888700975
2118800122
8538701836
6978802979
4188261844
2218127833
5328701598
3588701141
6158174040
1308100988
1618702508
1348728049
8218100575
7495500560
4078282169
1208175973
3778601897
6140326076
1208768343
2208731961
1258205765
7068101479
1568300010
6628500197
1738801488
1258607193
4278103889
2249096535
1304699762
5578100392
1578101075
1068655184
8488702022
7040802858
1328517561
3338501788
4081848125
1138691913
6850801785
2898801217
1288106238
3248100434
4968600525
1048613378
4178803106
3618101499
1238197151
8328703569
6728700280
5948601847
2208202535
1658602880
6288702753
1138136138
1048619620
1068677081
8268101040
5038196417
7392001051
2208685908
2188125052
1018662166
2208165848
3878102559
3170332662
6070795156
7708102483
7778702259
6768700400
4378800781
2048618498
8148602871
6568101873
8148703348
3298700974
2098159257
2140519194
7961500594
1098644594
4958701192
1058626314
2828800537
4690600235
6168204092
7628802818
7525700269
3538102686
2628801866
3388103202
1428141060
7725000191
4178151119
6498802780
7068701506
5579200914
3328602836
2969201911
6201139789
5318600449
7631000100
2018185896
1108144755
8868803296
6833201009
1098171403
2068188277
6300601006
2318700420
2983200059
1061181665
7538103319
5178800184
3170181776
5028609350
2248505554
8738700980
1408112481
2548702080
2118802528
1018617021
6178201894
4308602090
1038802663
2098206719
1078105232
2208201569
3858603367
3998602014
8111802155
1608700088
1208742756
1838803197
3198103045
4739400487
3302500355
7808702819
1198625177
1198659769
2968803533
8618200056
2878601653
1288605796
4298703441
1368107470
1928600768
3058126321
2208103333
1198702394
5158209324
1068210554
1108207330
2208200589
2078556121
2110909467
7134200993
2158205812
4468601816
3338500611
2170983674
1078153660
6278601185
2958802002
1078759249
1318673306
2118183236
4438601535
1308709981
3643201637
2018801158
4518503181
2158724885
8648802230
4682000053
2098154456
4648601226
1208164592
2048168391
1128153793
8648200322
3481102736
1118193787
1108132211
2418603067
2888702138
2158532737
2068536156
2108800959
1198132009
4208700826
3158200951
4928102282
3598602262
2148103304
1058754331
1889101817
7349301953
5438600802
6308101740
6058531421
7528801660
3348703371
2758601005
2409000889
5028606498
6578703181
1148689161
8738600246
2068159433
3958502897
7938803015
1328181750
2388100583
3878101230
2408700161
4121600709
2208665241
4748600938
1938100126
1023052780
6028802234
2148731122
2598800478
3288801389
7738103031
5648703370
7408601983
2758802139
3148200583
2118167876
7588701074
5524400145
2208831556
1428162707
1288124750
1248618533
1308685454
3298103552
1148143063
5038177079
6041208544
4031587592
2424700365
7678602560
1648102183
1058783592
4148300032
2118628581
1478602859
2298121129
1048198858
8029901170
1418522001
1268641398
5638702738
2618101976
1238214759
2158701295
4407200544
7028800856
3258200322
3058703067
2018601983
3300102885
1078682234
1858700791
2071916084
7252600400
4728702053
2971202401
8458603059
2208673682
2128608633
5839001427
4258603608
1058198720
2418803004
6069612234
7428501847
8328802039
1428160688
2748702901
8161301966
7728502380
2018204788
2091083984
1228104585
1018146216
7978102625
1788102576
1248214029
8678702154
6030976559
8732600918
2048204787
7051200127
1475600378
1288704474
4188140537
1358653767
5138602793
1378610726